5
8
126 127 126
-36.003 14.921 64.428 0.657 -93.893 -57.477 -82.204 -35.967
-80.528 -73.802 0.042 65.501 26.396 -7.749 -39.824 -46.82
8
160 159 159
-26.244 11.745 48.264 0.237 -70.133 -42.727 -60.997 -26.424
-59.177 -54.501 -0.03 48.916 20.49 -5.061 -28.701 -34.174
6
126 127 126
9.861 -1.308 4.276 9.861 22.205 27.496
-33.008 -22.686 -6.805 -13.157 -6.805 -19.907
6
126 127 126
-24.602 -22.25 -12.845 -2.264 2.733 -10.935
11.94 35.232 24.909 26.232 5.588 10.616
5
126 127 126
-42.187 -33.069 -37.628 -19.62 -7.017
-28.807 -13.903 5.588 3.295 -17.916
