5
7
126 127 126
-63.028 -47.408 -59.331 19.833 78.539 34.097 -16.827
-28.947 3.363 34.885 76.378 3.363 -62.925 -69.651
7
160 159 159
-42.822 -28.452 -40.376 20.949 62.35 31.304 -9.497
-22.84 3.363 30.578 59.131 5.841 -47.268 -54.694
6
126 127 126
28.154 16.985 22.569 28.154 40.498 45.789
-22.84 -12.518 3.363 -2.989 3.363 -9.739
6
126 127 126
-6.309 -3.958 5.448 16.029 21.026 7.358
22.108 45.4 35.077 36.401 15.756 20.785
5
126 127 126
-23.894 -14.777 -19.335 -1.327 11.276
-18.639 -3.735 15.756 13.463 -7.748
61
