10
6
40 63 94
-14.553 32.09 -14.553 -41.304 -28.958 -41.304
-57.228 -0.247 56.059 56.059 -0.247 -57.228
6
221 132 39
80 21 10.17 10.17 21 80
-9 -32 -26.813 26.608 31 8
8
55 80 120
82.17 14.022 -38.719 -61.83 -61.83 -37.256 14.037 82.17
-4.871 -26.833 -26.833 -15.853 14.769 26.586 26.586 3.913
4
221 132 39
-25.381 -5.575 100.002 104.958
-101.776 -106 -56.137 -46.636
6
191 37 39
-18.83 -18.83 2.346 17.17 17.17 2.346
-9.334 7.245 7.245 2.472 -5.566 -9.334
4
221 132 39
104.958 100.002 -5.575 -25.381
46.525 56.026 105.89 101.666
5
55 80 120
-76.739 -36.692 105.17 105.17 -25.072
-54.755 -39.727 -41.234 -49.569 -105.647
5
55 80 120
-25.072 105.17 105.17 -36.692 -76.739
104.815 48.737 40.402 38.895 53.922
6
191 37 39
37.818 20.013 12.873 11.451 15.432 36.835
-65.437 -73.927 -72.621 -66.034 -62.815 -60.886
6
191 37 39
33.042 11.614 7.59 8.923 16.045 33.963
59.455 61.138 64.312 70.914 72.302 64.017
80