9
6
221 132 39
80.382 90.93 104 90.93 80.382 88.178
-25.071 -25.071 -0.293 25.694 25.694 0.009
4
221 132 39
-1.325 9.682 24.127 15.414
92.373 88.949 41.004 37.176
4
221 132 39
-1.325 9.682 24.127 15.414
-93.161 -89.736 -41.791 -37.964
6
55 80 120
-0.363 28.35 -0.363 -56.949 -37 -56.949
-94.269 0.009 93.078 110 -2.408 -110.586
6
40 63 94
-44.045 -59.866 -44.045 82.905 95.34 82.958
-44.41 -2.106 43.824 27.507 -0.181 -26.168
5
191 37 39
-9.732 -15.204 -25.783 -25.783 -15.144
-56.767 -61.03 -61.03 -52.804 -52.804
5
191 37 39
-9.732 -15.204 -25.783 -25.783 -15.144
58.411 54.148 54.148 62.374 62.374
7
55 80 120
82.904 -49.172 -77.885 -77.885 -49.172 82.905 95.287
-26.28 -27.489 -15.402 12.398 26.903 27.507 -0.293
6
191 37 39
-20.064 -20.064 1.113 15.936 15.936 1.113
-7.898 7.916 7.916 3.363 -4.304 -7.898
80