5
8
126 127 126
-77.938 16.612 80.384 30.876 -20.048 -20.012 -66.249 -41.522
33.91 73.014 7.556 -66.288 -73.014 -39.306 -32.31 -0.235
8
160 159 159
-50.909 17.729 64.023 28.084 -8.884 -8.858 -42.423 -24.473
25.9 55.768 5.771 -50.631 -55.768 -30.022 -24.678 -0.18
6
126 127 126
24.933 13.764 19.348 24.933 37.277 42.568
-26.203 -15.881 0 -6.352 0 -13.102
6
126 127 126
-9.53 -7.178 2.227 12.808 17.805 4.137
18.745 42.037 31.714 33.037 12.393 17.421
5
126 127 126
-27.115 -17.997 -22.556 -4.548 8.055
-22.002 -7.098 12.393 10.1 -11.111
61