10
4
221 132 39
84.496 4.856 4.856 84.496
-4.505 -36.375 35.795 6.3
4
40 63 94
-54 7.22 7.22 -54
-49.94 -49.94 98.44 98.44
8
55 80 120
86.33 7.22 -54 -80.83 -80.83 -54 7.22 86.33
-4 -27.86 -27.86 -15.93 12.7 26.43 26.43 5.54
5
221 132 39
-44.83 -40.24 -27.71 44.14 48.72
-85.66 -100.05 -103.96 -73.2 -63.66
5
221 132 39
-44.83 -40.24 -27.71 44.14 48.72
85.66 100.04 103.96 73.2 63.65
6
55 80 120
-86.33 -54 7.22 48.5 51.25 -40.24
-60.08 -35.62 -35.62 -47.85 -66.04 -100.05
6
55 80 120
-86.33 -54 7.22 48.5 51.25 -40.24
61.01 36.55 36.55 48.78 66.97 100.98
6
191 37 39
41.69 22.43 15.71 15.71 20.29 41.69
-60.48 -66.04 -63.26 -55.97 -53.32 -55.44
6
191 37 39
41.69 19.99 15.71 15.71 20.29 41.69
55.92 53.01 55.92 62.55 64.94 60.43
6
191 37 39
-11.5 -11.5 9.9 24.88 24.88 9.9
-9.04 8.46 8.46 3.42 -5.06 -9.04
80