10
6
142 142 142
1.83 24.041 1.83 -10.908 -5.029 -10.908
-27.114 0.02 26.832 26.832 0.02 -27.114
6
35 80 102
46.855 18.76 13.603 13.603 18.76 46.855
-4.148 -15.101 -12.631 12.808 14.899 3.947
8
204 206 206
47.889 15.438 -9.677 -20.682 -20.682 -8.98 15.445 47.889
-2.182 -12.64 -12.64 -7.412 7.17 12.797 12.797 2.001
4
204 206 206
-3.326 6.106 56.38 58.74
-48.327 -50.338 -26.594 -22.07
6
27 133 204
-9.73 -27.782 -8.712 58.841 58.841 -3.179
-33.173 -25.936 -18.78 -19.498 -23.467 -50.17
3
24 108 155
-9.618 -27.669 58.953
-33.039 -25.802 -19.364
6
54 69 100
-0.206 -0.206 9.878 16.937 16.937 9.878
-4.307 3.587 3.587 1.314 -2.513 -4.307
4
204 206 206
58.74 56.38 6.106 -3.326
22.292 26.816 50.561 48.549
6
27 133 204
-3.179 58.841 58.841 -8.712 -27.782 -9.73
50.049 23.345 19.376 18.659 25.814 33.051
3
24 108 155
-27.669 -9.618 58.953
26.025 33.261 19.586
35