6
6
26 163 156
-13.57  -14.058 -5.267 27.455 27.455 -4.779
-41.304 41.304 44.444 20.303 -19.126 -44.444
6
204 204 204
70.525 27.028 -14.149 -22.025 -14.149 27.028
0 -19.654 -17.542 0 15.812 19.775
6
48 75 93
40.642 27.455 -13.57 -13.57 27.455 40.642
-0.291 -19.658 -17.948 17.948 21.367 -0.291
4
15 86 81
25.746 -14.424 -14.424 28.31
-23.931 -20.512 -17.094 -19.658
4
15 86 81
25.746 -14.424 -14.424 28.31
23.931 20.512 17.094 19.658
4
65 103 124
15.825 32.431 15.825 24.372
-17.173 0.077 17.679 0.077
35